$ANSIBLE_VAULT;1.1;AES256
39323435346131386533333133333235366665316263353337313436333666333933373732313063
3134626165313164313637666536663933306633333736300a323833323232646636373134323431
32636636333632346665616638303332626663623638383331316634333931373034363933313036
3334333665386466380a663731613133386335306136363030353066626261666332626461643431
31346636666636626238626438353639613866663462633435343435326234656465643633343932
36653461373036656633646461623462633766336130633334653739326438313432653038633734
31353439363936383337396566623766653630663239353364373036653766376534386530366332
39326630393665636333393639346166626236346666363136356564663362366131313465373966
35363535353337353134363732623637656131643833313436333266633062326531326466616263
31346665656632386464373865663166333532393434633432626162366531336234343134663930
39343633656236656335303961633364663136323362623432376231373732306331636364646162
33323965633764383735383965616138643166343031303037373033386264343665623561356238
63373836343433326664386633343238383933623666393739373961356138366435316431383364
30363666666261303039616462643764386264313664303761666663323637333838646564386561
62623638363236653662363336373965666233356339316432653937373138656366353236643636
35356465353234326535386431636133383762343632393065303135313365356438386434636339
30323232306435373031396233313230363739653862323562323633303466383862346536366437
38353539313831373735666136626339373337323932353163336632623430383565663737643438
34363033643232656562336333616164376163623061633631396537393761366439356566333362
33336136333162323231646233386337653338383635616563303931633662306335303836333839
37313432343635663634653764633035393134373364326433663865356332646563613762343735
61653966646635363331626332636638613934326564316234303761626234333031386262636435
61333230653335653437636533386631376161396563396363343338623234373038346635393834
65356639656162643165316635306435336333346332383232613866616165636639666630373466
39356638323332623561616161353965393434613532626261316164393332373664623561373332
61333866373461326162616637613661346166383132386136303434316632396565353165636161
39383932316338623161626164616463613139313362313165343361353433313762653232346564
64643432646237366238666630383631663639316636313037336164313035313262383966623032
34396166623331353162336535346363346631306436393964353837306134333638616566393565
33636239653538323365366238383564393664633265653863653132653031343432303530306562
30656335333737663437386332333638653233373438396664373630376365643534323364383464
31316133366632643963323235353236306338356430646538343837653161633163363263363833
30633530363564373230656363396434383065623466333364383739386464666230396431656237
61613937633432376263343437626432373261646264316536643438363732663961363031373233
62343565333763393261613936663736616466353665633739396339396238363731386365653432
31313935383162333833616133333333306564303438346534336435383933323862356237346237
36353164333933313265643364616639343839353564386431653931363561626438633237313034
61363133356365333464323065346662396466333535323133636636656463636530356431313966
35366634666163336261386561623235666134613761303730323834663934306233643866646334
38616234353832386165623163383263326232623262323632323164306665633962613638346532
33313362663831326464316561343239643631383731666261653032386135323430316636643733
33636465303664303138333965656563396565356633333836396132656339393763363138616663
33333764333966376166336234336632313761626233663163353236613732353861613636663535
34636361396263383361363736373831356665333863623766333934366261646561316365613364
36356665393932376639383331303364316666323139343238396165393064326139326436316564
64643733306361386434663762616366623137376631356234363939623434613734626237373466
38343138643936333964363235306162613636363164643132353265643564323635343433303465
65326136633962373632373266633430363434353432316530353061336536613666396163353836
39393233313564626638326266333861323965636631333265383633653139613763383666303332
33633563643365663065303438396533386431613364383333616532666465633961613966316263
30666561346161313130323966316534656664356164393032643465633461653333386130393765
32313861656430623666323937666466396637363037653732303837623261306432386636643266
30626137396633636136363533323637613539633930346634306235383966623063346432653239
64363932326233626439383763386266653637313132616461396236386566363237316330613836
36326365333563376638366462376434363630666261343439613133353564346134663735626336
33646232633134363837326631613965323532376238303538376235343430376537663161613336
61366436623837396532616338363261613666613836663130663963653165646137366231306330
34383139306663303432353865303562383062613035383065336661666632303936396132373134
34323336393963333832333431303866363439386536373730653537353435383964323837333431
65666562363666643939346338353233323933373565393136636337663662363962613664373835
64333161383734313833666166316431373165653634316261633933383231636338346261303261
31656262646465633434323231396664396636653538656131363033626532346533303030393037
31313462333130353133383433393930623835303736353634313732336363613434393535636662
63343463333338396161316235306133306632653966396236343832383034346464636563363838
64376261356139386563616530653064623266633334326562316566656562633061373134313337
65393132306564376234373464666337333838356131306664323861383433346362626637346661
32373432396133303937353538366234623530346165346637626637343464626136386430653065
34366137353831333732383234623063303839313238613166376434616363313436653566653734
31626130623738386134616330303539383165393438616666356539336634353966663564336337
36313337346232656630366135386439353835613062363964353439393634616265613139393138
61366639306639386134613165353635613565626261353837366566323263323433353362386238
39326631316565353836336662373965353537346434313864326534346165383262343562653437
61383039336137663263616564373938396465306339353662646265633065343831643835366634
39306437666564356661396334646230333761666666313464356230613530323263333263633434
63366635666332313935663732303735333235666432373235393363396465666662616266393761
35353530653438633461646239633039386537346135356362363466323933313330663632393865
61666232373064663763303561326635333636613037326236653331663465666530356235366631
30343736353535323435666439613533333034366363636238656464303363303236336137613161
32616636306231666661646361336233616137663532396137313633343931366533326232656537
35363133666430623330333539373861313736373230656134376261656536333537346634616236
38376333303936326461316534626262353834396330373137366630323362643061333865656563
31323330663361343939653162636662343631323834313131313165646561663237313136333135
34373635643735383963653166653137656333643261623633376236336434363466343461373334
36616466633434353464366531326438636630636430366430313862303662363737396231643162
61636364633435313864636435616466623037643766336634643663353464323731646163613166
61666137643139353138616637373436363131393935373035323335346139613431663732393533
66346561333566356161326236373432306637353634383735326238636561326130613533376163
62323439613564333034383433636465636637366661376635626133346333306332633833333735
30303835383832343361383539343937303032363338653533396330616131326666343563303335
35313361666634336463393763353766363764303939616661356339613637623664343063373438
32383835373764363130326162623064333765326363373662653532373831376333666561326235
36346161633264663762343566643430653037396335613933313163356361333136633139663536
30613430326231316339343738666237313938363031336462316463303230356135643739303736
30626665373733616438306336636139616162636233373336643638623666666134373863646562
66646434393636646231633638376336343134353562366637323265376365373230386665343235
30366162303931653339373162333261363630343632656664393833366131613361396561616635
65356132386337323639386433336231396232396532633664393631306665313430396436643736
61646263333063626135386538376162303438353535616331303230656665643936663231666433
37656163373436666161383538363836353034353061663932363639366333303161646337326234
61333461613535396131396564326561336536386463363235643864393535373661663935316534
37363832336336383665346238653161313636303161633238326637653832616636653035313462
65343939653766303966343138646464383731326466636639663836316662316462343438383062
36306533333039336362363566356439626537646162353261643761626232393533623963336237
31336661663332363262666132323265656363663233346430353836613034633362623865636235
36353266386534353536336662366564383535376666633838643834643332663238393038636262
30643865336266353564343839393233396438653332353438353763643464333366323362333533
37663935613039306336346561303831326163653539373561343938303334363461623130303064
32336638323030316563356261356232313137343462353538623333356362303336383963666534
62343364616536663062666435363361613430326364653038653836383733646331373630303731
37303136303830373266376231303962383833646463623139653263303162646431306439376136
30653636316236346134626338303966396437386563393566376337383866656562383436363164
31643061393762356338326434366163386636323962313638623636666363363236636165323033
38666663333631376362306665306462613031373566353238376137356130636136646166363632
33626531353461303863333530313566623765653338303965343138636539353631363737383030
39643537306533613430323633643565653162313136396664376536643031343161633230306466
35393235636361383061316432393637626137333233633132613334653438363235343862303331
61303037653731626231656264353334616466336363323633323938356230303732663234306631
39633835306465626666393839396238643264353136396665313963653439653437653163343763
31363962656135616131363461303363386335386162663638666233343838303938626561306566
34353537313561396565613230373430343839363264353932333634653436386330653033383062
38646231373138376466333565393365646261653239366533666631303233663336373236396234
35373337393735663532363462663863333961303966356531393632303339346234333162666464
62306536373163383563623338666535333466353434396331646536313365663534343936633461
65613333323066333730383037343464326330353832333237376634663961653635303835336135
63363731333939373162323261363130616564643434363830313239636663303463353139646130
35613062373765326235343230396331323838626438333334663937643933363763613466623935
37323332353932333037656165383830633764613761343365313431346564633665656365613262
34323933346639313338663733313439623963353532316437643364353334633837383436396564
62376363646236613461356564623739373932386664333038373236313336393739343433356266
62343138383266623335396134663339356363653131666436393230376536366132336438663039
65373132663739303839323638633637643632383561343634666337663662356238623562383430
34316363316135333566373565653435636138326339396334366137613136396266323431303837
30656534633861643637653337396432663965613535613666393133303636643830633865396236
61323233316238333831353961353639303433356364373932313662323536633636623237323864
35323831646436303234333835336337613162353166623634326631626162303934343265386563
66343364623166663733313166363362383935303639613430343536626436353962663336396466
31623132323030316638656537393132396464633864303333313366373835333635326535366530
62626261613230613233613739303536373565623761653963383334653565393264653436633834
65633565356266353264346235663136383330306632386531636331366461663735613665636236
63363132336662663936633834333631653131646439633266353730376231623933366534333533
63613331366439323030396233356163303133373063626461346665323530613133333666386438
31323238333064663939666565366233623038376636633335386535653139336537633234633364
34303465396362633564303366303135643737653133313635316364303064313362393730373563
30383237353432376131356566666436373037336362616436333366393034323337646364316638
66356365373034386637666261366632633935663331393736626437626363353466396439663737
34633466316339663135346538363331323535636462643439333839616137626637393435393938
62663432353035363439323064653934633434346262316561633364636361306565373436393838
30643765633439333237616662353538666436306434316462306563366663396264663130306634
39393764663236363437326333396466363536363735366261613531643033376439326563323332
35363136386134363532623662343064323061626133653235316339343334333964363832363833
62663464626232313362623636306462653666306537323666343865333464623965396363633334
36333732353065353866643165343566343033333634626635663131323762353063373639336534
62353562376132616166353135383239616165353430303539616335663636643736303062353531
31636231636233373961363232393663386139313237623037396636613433373038623163626230
32373530356435393036663038656232316261636535633964383162343835616539366333663561
37356530656461653238393966643062363562623863623637613637313336333362373065383032
62636332306665346231386165306435653663613037383765356531316261623634323938303439
37623337663939623637313033646333623330613530396663356535666634366266356264323831
32316537663339376162616464623934633533613834656361663362373937643563396663626464
30666466323432346363653764393538356166356565336334313964643562663239396166613063
31353633363934383433343737613732653838646137373230326235383638306336373038663564
39633261386630616330363866326634626236623136346566613163333730396266383037396631
64636432626439363935323435326332653766623065633936376435346262376266323839313238
33306564396163636337313835366134616534626136363561633765643665393365353764333361
39616136323665626265366536393862373763313838656233646266373838386363336431666239
34646530636639333836393537303163663232663663363631336563356438323839373233336131
34376364323837666438623530303665393138666235396431336431646461633631343461363130
62316262313831303130386564393762376330343633303034303062363935376133386530323830
64323061326163376332373965386538623431643039346434313665383964386633626161356338
61323731326331333066313233656162363364626236303565623131623266626161396263666535
38663563653333396532643330356535393638343635303965633262643738666163336562333433
30373064353039656234356363356139353265613264376138373662346363326366393862643635
62643237366131613263663830336430653835346537313238303232663261623234633639306332
31313663656337316534376239643466613862613564373661316661366134383761633561643336
39353561363366633964376533313363383336356166316464363663613164656639313462326439
39323262366632366539313763323931366633366463646139326332383335383264363338636338
32636437353939643861343166656537616434636638643564636139336162383366333864313338
39656464333638636630666531346666646439303632386135373939303733373666343965303065
61353935343863613835366561646365623566636631613834633464623332613362333437316664
31336465366531313539633938356633383739346530373863636464636234333234303434396430
61376334666362383165336539313335666366646165613334383962646566316661353865383538
38303363353439666534333461363734636631633061626561626337313538626466666230363531
38306161383066333939613737663962643533333734346461303533626162326431396138366436
32653030626531653334623937366134386638613939326263346339656133656563653135333464
35626165663565363131623461313534386437353837383639626263343731323762336239616435
34366331363435366638613736353239643638346430306263313436633561663136353164396534
39383132663230303634353938623034616139633539393063613134373265616662393034626430
38656638326566343737306334353762306236353034643465616637633562303239356637326635
37623733646361666665636138373262343130316163353963633635623063656133306666363937
64356230643435383336396266303964323639636437353536396235656665633534336537303633
39323066373639336263616137613232626336356562376531366465303633653664316535636137
63353439306432346564373139613763353934363639306661303534336263633531666562366437
61363135633638636137653464306233306333303030636164376632336537376334363564343639
33343932653436333463646632623733306262366665623134366432663538376639346664363236
36653933343166396432663762343435633366303563653038333834326164386161303136613832
65623836656133646132613037383038353531326436613637366330653165303464353034326664
39386333333665623239396666356665306432336131323737396637376630653165636363326465
35393331383661306337666166383963636230666338386263633262633438376363336137623236
65623064613035346666393630323665626166326636376662376665626237366466663332346366
62343162663363376333303336373536306266626435633031363539613265316337653931336330
65383536393436636362396561396463323832613262376332323738363834613232326234373638
39623037353662386239653161643630636462366635363764616463633139313035356565646263
62343432356138306432613465303165363765373433643731653238333861323131376630356663
33643033366630323133323863343565376266383166643935323337396335353861373363363531
31396666373439623431396463643661386130376333383436356132376332376665626536366664
38373533336162663731613836326161333862366465383632663061316635383230633563646239
38613933636561646232363664333863643565623264613932346464666165306634396435366633
66633836396631363138383762336535623732336361343431316564346639386162306163353535
64303139613537306638643835623737306230653731333030306435303232363333653137643238
33633461623637363761656435623936616364616163333864333964383638643763373437656430
32653339663366643233376666326164366366376137643264376332633633303036663730323865
30363035613165343435613136666139386163336364313234633437623466373866303062326339
62626563383863626162376330306431313866356536373532303130613034393061303230373838
36353266363339656631303133336638313862353530336263643136626661346432333763643362
34356638633263393439663537626563616237646533383135633137643936336536383133346632
65373962386465343330333231303230656536373334666635356131313937656165323331393561
61323633376632663362636566386331326537366165613032383335383561326538373732653763
36326338346261646338356335353338643931366166653035386631656131613636653539386637
66316161303930383463313636663162663735373463346461633532353533316165313039313063
62353065613562356663316133303835343461613666303335306136373633366466383435376137
35643230653564373465353632343464353237363965656334356662643064343030336132393838
65343738363731396233336133363533636630326535326564633736636363626437383062646165
33323263623238383432626539323634663634323566333635613338336437623033313966633665
32303838343337346235363433396537396565303935363662393238616336633839613938363262
33323961643238376335373364356235663531313462666430356535646666333139396235383931
39646139636537656631386165613432623538326336346164326362323735383166663362323366
37303562303433616262336336393537343862663235613331316335343464343433646432663238
61306361383631633032373836393666323833636637306137376466306137363739633739383363
62353664376331623639366265323937313966313932303634343734363233623663643463396135
64316361636634386236616330356465326333656566653339313630356532373933366262643938
33653361616436373837336139346430643434393034393839316266343064666466623639316637
63626465366437353837373861613735663233356561336137663835636636633766616438346264
65383637353834303737633731373838363563643433386633303864663135393733303137613265
33366131393639323266376161306562633063616536336331366238376361373939353663663266
64313531613338386635633032303162343765333363633662346433363862643136666235356432
66623430303136386563626665666132376134326666393466356561396236663537656661643030
32323435336137633936316163373833383238323863626666653562306331346631663037356434
64643736313662326365626136303132623136313265636639653639656364393733623133386532
31323830653131393064366436303961613239663137636131336131303265376262616463643031
63323234363564373734303430373731346638313061623235303065373662333833353064636337
37306666333064313231346633363363633432616335616162373335346165326437666134353036
30303439383539653265626464393163356661633836383133666631313861336538356632613636
61343735333839663162323861343231306137636663316564366563313438353530346330393961
34643664346262643832306566633162623639373163303536656530373363623133656436326334
35343334343034386634636666306562373132313665313461353435393530356638626430333162
64373635663265323962373435373639373438653262653536326134346537653432363965356132
31616161613764386332376337653836393062343337623735653234656661653261663861333431
62313661666232363061656662613762623239653738626438626234376431333933633533303963
30336465326661653630363436633964616266626438646430356665313737353566393262343137
63373233396162613537323663366232613563323235636331373465663933396132613132366235
63373638373039326336393063353434616561616238656539353337333036373561306166303737
37663130376465646165366266623437336337636666313264636333633463633235623065633836
65366165663135313331363833363032666165373932313765326432633666303637353132636364
37303134353262636435396536346135653034366131633766336363663962313064313939393538
30303832353966396163396334626535613463666165616233616562356331653134616438313636
39396237376663636535616237366633333436656634383262376461396666623132356263616333
33383164633238613332393936343638636638663465653234623331636365623966336632346631
64633630333731343234343638666635643434306530336165316236626430663663623434613662
34333361323637656431343961333736373036646435393137353434336264393333333839366463
39666166366463343735303033313236616537613763636331333839646334353737656635623766
30306631323333333264653836643730663565373339376432353965653864303665343462633330
31656263643661333133333663643935323538393735313432663838393364373731333335356437
38323038633030326434656664303137623834343839623237643732383331343261373965353936
36336166663063313366633461386539386561656566623834616532356666333662396162323030
65626536373033643937656633356261303635353536613031613332616463306337353437316564
62393034633335316238373762643364666265633061316232643230306635623364383661373739
39623937336162383166346666386637383831343834653338333430353634336233623664376437
62323730356539323638643664386532306534303031613262333335396336623333313339643663
65616564656439383433616661306437326536653165663533386137353266613463616435393734
31306162663738376132663839336136643230313163623166303264303964343266636433623266
61626534323334366461613131623231343962393735363435336635313262653963646364346664
66613139376333373161323265303734336639656635383735373736633837646434643939303265
30656465643565663736623934663836336338373135386264316162373937623965633735393461
31626332303334343233643334333738393730313235626139343639323031356139633564656332
37373434323665363833343262313633386236323630323334356563663661666533626535316238
32663766363935313236626662376465353761653939633735316232313165613066383234353136
33356261333032653436663339333934323332343037626439303333626166643233656336613462
64623131336261353636343064336132303064666239393938393931356563363833353336373466
64343334353935366261396133336430313139656632303335373236656461363535656466643861
37336162323464316565663461316462613363313961393439303863666536616434366539316263
65323130303565653363386262323735316335636236316364393138653939336136623538626536
39396132326434616165333339656461336332316235373265623334663930633238373362356634
65343839303532376639376164333265616636643361373563336566313236626130396361343237
66373236383465356463313631633335666534623431336438363436396266656162393964656130
31343731663164613765323537366561616135613737636536616363323162343539646363386566
63613862646532623138663930323631333135626264313861643934623532626233386563353130
63623633346464353634636637343933396165356638363637626136373139383438363237396365
39373435386439323165373066376262363133373663373530623633373839363061623438666435
36336435396336303031623834626232383238613366363735666162393337653835353266366135
65643466333165306139366430383538373732343233323239316636303538373332663138393862
31326466393337633063353430633362396566613731333834643838653864633664366333623134
38323337663033626235333238623634343062353964656639336133303566376362393562343236
37393939366532306566303262326336633130393537393635346438653362383161663035626430
64616238396161373331393861376230333733616131376132323764306636653434323938336162
62643534323335396336396330396330353566643962373562636263646665666434316263323265
35633063326565336134323462396433356664376639646232626136326463343837616633306537
34323636613238653866623862633261393532313932323130663032363937636237373762656134
64373865363136393565323031663030306532646434313265653533616564386662383934333337
61383137386366313835383333633633653637393537633739613038313830346331663162663163
32663730633033356565333461303565666331333766366361356337326362303165353166343032
36353261653566343562626465633233336461363733303134323338386162356636646637356337
64653662636661303336373466323232376636663536663536396564303037333932666232613961
39356365626562393161353837303534333064623564343065343465663663373530346634663566
63653532326233353638636565623532303461663536613866336563633464633237636134376163
33616134316630386231386136393664646438383165643834626532333566616363393133323436
35643536616233343937616563336634343965363937356566323661373032616530386261626434
66383835326135666239633863666562323136313664333033623337613130386666306363383036
32623863343864303064346161643331666238356634343462656161653130363238366262393935
38396164663634383262376165343931313930383734656631616639643965386162303664373730
31323362373637656536343938356665323433346666636431336362643336613165303838303435
63373134363465653130636139656239396534646432646562613531376166653962626563623965
39353732666137646163643038663433666461343230333838623536323132313937373531333237
33363439663937633837386338343430303966386664323233633666663464393665663061313939
63363531646134313164383462363035636536333565353161336330353739633566633531656662
38383033346265323638326163303930323161663462613936323766343063333335636565373463
32383334383961663431323532623365356361636334363361633337393762343737373966323532
38383033323838663138353232396239336437393935356365653939383566306335623263323866
37613538663964316464363239373730373762323261663831383536336238386635623665643262
63353432643130393063623239363863616333643137373939666164643430303338383133613965
34643835616636616639313266653230346361393264633065346566613762636633363635636635
38666332653762633039633063393736633361623763376561653534663734636630386261663731
61653236616534656138616637356261383965633931616430623461383166373834646265393638
33396263633564663230343666353364353436313231303364633538663834373839613963303866
32623637666438313333323235343235623039636466623361356136653030363863663437613933
66316130393666396532356238396336386561336564373036343734643930343565316333636134
35383833326439396365343032346361313933333861303561333662313434366438363530366333
32336638313035653332623636636664303839306131303936626465613835346362393865303236
31636565346165373065333662643734373163666635623837643962666433316566636236363861
30353066623935393337653132623265393633323061343235343939373634316430653633343461
38376566346464393461373638663235366232303066623164343465366662306236373963326237
64333132613038373938366361613935343039336436666666636330323461346263656131343864
30663563373839336631623765653264316264623366343838336162663131323761356262343134
37326365326438333134626362353665356661373436393137643364313630393865666639663063
33363833636137623631633233343065376135336561393730633732653666643063303238393963
34633533353162386462323265353537383865343730333565393436366237656531373434356638
61323565323063313263323562646562323332626666353836666537366366313764303536363539
66353166663038626166643564323936633364363034336639393033653134616534353436353462
31313537313739306461393630306132633461633031656561306164646462336630653161666238
62326464656565636365353131646366626238393433303334316237663666623834303838356362
34313832333233363438333533623861646231393535373862373761333330363939616532666163
31393637643737646635623064333632653163376232363137303664303230303134383934383564
30393032373936616263663636626365363463633165653230616464373063393933396337376135
32376261636337323233623730633930386162346433353364343936636564666561303831303338
30333339326339306334326366363337616135376637623330633933343636663764363661653932
32373165386435353262633334363839663034336661333438393161303961633233393133373736
65346337306330613937613266366565653636363461656161636231333666653439306137343333
66636330333262613230343965396434376535656139363839373732343031346532633630343036
31353533326239663538653465646239353663356638373537373031353463656132303839316431
39356132623763653532333733366238346438376435356531633839663862393261663639646365
35343961306539636637313463316537333361343437623835663031343362313033666538386463
39393838336439613535353331396163323363626165363839316265376163636230333131303031
34353962663665366534306337636661393633386162636539316137336463303239333664646237
32653932353364363962306461306339646233616664626663623937643338346638333938373139
64343633326338303338323534663363623261303761363931316266623637623964666363333234
37656261653039346438653166333139313532383739373031383965653733633964363838373032
61613330363066613064383537336433363932643638623735346435646231356531356235316432
32393736356261363330656134323165376235636536623339393934356333633833326563613035
32343835306538306130313763656264303161363935316365313932323935303963646366353136
63373537336165633332306662306462376538373164343235383332323534386162333532623963
62313366643763373238373736383861646362323639326262356461646632616361633161663735
34306537633437333536333335346466323566626333336132363632633533383033313038363530
33623933393938626133666532326438656561393362656432633536666433643939656664313734
66383539303165363230336239653334363033323266326138366563333739366534333862363339
61326436626566383065643238326339613665626139613564316438666361366331346632333237
38343730663765623464636235333831643137393639326132376165666133313461656264666563
38346666363934353662363833386166356132643566323137666433396639323435316666353339
63366235313732356566373634636131323264363865346334613137623861323135663031376664
38373562303563323538303431643037633331336465383731663161613662353931363663393633
39613261383834663065386264633335306330383031386462616333323936383035636231613963
36353737333165653639366435393965663463313238633832616563383431313430613165326230
63356138623234336536396439313333336465643533636130633837643338346335363866383137
64313566333633393765396466323264323938366635353130333064383261336137346238363035
35303362346561363138653132313132336537653833323864323837653966636334333038343730
62663236316463363932326137653833623966356164313866333030613233386339363339376165
35353834353264333433343130333639316637653539346237343065363435666561633764366164
63633232396465363463303632343464616433613938656537633565663635313361666233633031
65393038666639323639323962366130373832343762393662363963376139306564373464323030
34326537373539643939623533336638373339613866333537323366326333636133616662316638
34626133633665646362343163373936313834316437633164323735383931653336306637633763
33333462363261366432316566393830663636356133353966663639393838613133633364653437
30613633386636633636666265613665656431373738306164646337366666386263616263663631
33323539333362353162396232326136343737386563383663386566343038396664353233343131
65333963653762343837366236626165353530386435663536383632366332353362313865626234
30393566373337346464656534323562333430386433663637663737366630306566643764376461
39396133616639363932333639636364373032306266366662323166383634643938633761656661
36353666646566623030623138386435333666643733613965616432643638366464383439613838
34333831306539353165643437663163323734653333613136616465633637653039633061386662
36396537353639633738306630373532313233306165363237626461386533376637383537383561
39346134376162646231376662343937383535353536343864326230313934323237626335386532
31373634356438356233666232313264663532653862386233303938316334383138323031666561
63303134366239666234663832653061663933336431363062386233343431313061306262666263
30623566363662303838366637313732376631646361613939373065386339376137643835646465
66313631623331666233356337666337303639653364333930313835326365626436343032363831
33373931663661646137396436393464333333303261313537386133626666633338366663373263
65663230313831353961633763623438623138326536646234616339623432646535366536633766
62373331626163386139386234323639636635343132323766643731623539366235313161623564
33623965396665313435643066303038626134383061626537646233363236373730643635393662
65393962323034356136663330363638616566303639333330656136303436616339643630323033
62646438666633653766316438343636303863316563366436363832363938363938373764363330
61633763663939656439343963376564643132366439643835373061636632643063306137323635
38666530366537656666353362373434323831336262366562353832303635643663626262356634
64396339313232353265643933633736306562343663366463373531663366353637613965636234
63633037336337663739636162353764623038623365306434656331343530666530613436336134
35323735323264353836396265666338333733366231313934323565386338333737666166346437
33616632353330356563353862386461643665666635383965353666646435636538333035663463
39613461666464656539616236643830346464353633653563346337333462623631313438336265
34353337333539303531656138643464343763356135336138643133386539656631343565626431
62336662313831366261633432653362633937333933616263623761663539386635343030646232
61303535366665373932346264663836376662383462313936663462643531616233623738363930
66363061613033613736376265653962336565613537343165393363656263366562373737303162
31366338383137616532376530346366333064383132363536363936363832333166623132653264
33613339643862663533383138353537356630323662666162306431613364333631323938626231
64363234303838363865303766396437633537313664306131363661613831396562353061363830
39343233383161396537663666613238393533346135656464323436306264633737326234356431
64346136656336636630313839373464623239616564316466613566386530653066313139336163
62333437363231613535616339613166393234623432383062633537313530376233386433626238
30396261663132326230323731643164363133663433353030646336643932396631353963323037
65313466373861383633356563626435323537316232383634663535323666353034336339663339
36633961346333313462383937343531326439663637646665366562376635656463333666363262
34653161626239393536383834313535616635373465613839613234383836303434326233306365
33643839633861653663656563343433353164383932343238393464383066356334636564343361
31336437373862383933306163303362386235333137363563663132663365333536356566363039
62313835613963653839666135666535343037336439366232393663333063343538616131363838
63346363376664656364393131313130633132376365303165363363323566323064666432363863
32343535326136393335646137363835663838306661643164313431333464343233336332356339
35353637343230373034363234373333346430363030626335326130363133623032343437323734
37323461343736653238633033613035353834363932373539393230333338323763623564633935
36306637356635396132376537316365626461336261636538663065303337663230653932623433
38363132383735353630666164353730313864646134626138613936323634326138313939646333
30626631353239646162646133623061616235626536333461323462623633626264643639346334
36336638363362393061666235613938393230333465346238376665663538643739303237373336
37373531656664653635333837623034313638353536663063313830363838386538353261323334
30306637356535323732303033303730393762666666313163663966663534396363653863386434
30613030623162363130396162353735393135616131356264336432363066303337356639653464
31313936363934393336343739343663346630623564313031376538366536383634383130316265
32303138333264393632633236363837353133393466393266623039663739663233623830626634
65353264373264316136373737373266306566343332636232393335613165646265306533653438
65393962313862333633363962623765386266363861353163646363333732333130323339656439
39336165346464633265373330663332653131616433333530356166386232316461396264323164
63303965323463316563306136643931343461653461663339396338313461326333313436303563
30356432396633356638616634393433363662356166623764646333356536343632653831306163
62326532373734626565666235383334303238613466633663323736303161623165633862626135
39643663663466313731636236366562663161633766663030386238323437313231333265346163
37343838616531643036313230393964363763623933336635373536376138626636303237373634
62656530343934646537666162386632373234653364646562633636616630643632333739323061
31333130666364663765653035333834663437343330393264373335386666363365326537623363
37366430303061366139386336373666383733396630616462623963393032363539663037663334
66363531393566333536616531626436656234306536376662353064613537376663613131396131
33386434326336393864393434663939663731656166616335626462653366643032653235346137
61376161643661316633666238366231363535303936653433313335316165393630383833623033
38306466396263653966333833316634346163333534346666643532343038323339396130366437
61356263376564366337363930386133336237313765353535313636623338393339616139613739
64363636666339336261376663613331383132326231393530343161353139343138653863313439
31666563376138313731303530313532306234373166343366323461396266373030383130646564
62323066616134306133653433343037323236623130636336336164656665353633343865363631
64373164323964333264663237336561396135316235366465313562623235643866633935636639
39356337303962316533643462626363663435353831623639646666633435376562616562306433
61646332326661343339333461313436396234626664623537623232323465313864313136333463
61376537313838633632316235306264376431306564333962306532633065373733663262323136
37663738353962353866643565316263376132313038383031623163383263613934646561383863
66336133623033336330323831333732363439376365653833336631323336363237303862323836
30376166346230643833396262653463323138373338643566333932346262626363346131346437
39303862663932333962373032353366363463616330666631363535313338303336633934353037
31343062643164623538386264366533643030666130356336643230363035633232376264313539
36636132353365326266343763303531323965643339313266623733346638336536633437373930
38626562616232646563306565666535643364316131383339303161373937633138343366316333
31663433336266373462376137633531376366333338653336373432643462303266663034376131
30306132363535613937353031666132373861383663303261333338643039306435313762663936
39316432306532336134363061363937303035303338356539316231643661623730383866643132
66323136323236336161363865633538383235326338386161353732643262323931633864626435
33323739646265303763303634343038663163316664323634373361666331373832306565376339
36663435313233656365663836663663313230333336383734643965633336313936363134623830
35336261353036346166643031363965313362363265333461393031613530316438656633633863
63653533386631363534643163373562613831306136343232373731313235653632613932646235
34346133653734376532386238363633396563366165323865323834613433623162646537626235
31313834333461373932663861653132323333616634643934363331386330383661313262653935
35623235343265633634383066336339383363666434663636343161393632356237363765316439
39633264336664633436323366386430303531653531613864333261623635616462383363663937
66626433313765343930336565313439653263326265613938363765643438393861326235333432
65613964643930633466343963643363343637656430336131653363653833653962323832313631
61636466356565663634623635306263663164396662623065626630303830653263643039353535
31383235643739373936356238353433313634656236386666303763656130316637666436353664
32653932366530336133373934636431366135363063366563386432393635653836303936373061
65393237366633646431363262626230616630623436373764353063353734316239643864313133
31323937306237346539353035366430336564636466353233343239326639353961653861333537
63383133306265623930626236353335353032303631323363386435386564316365363835363865
66656537623037643632353936383731373464376564666634386336303239353432653663346465
30643765653530376336646261363031363864616331313535376461316262646563393536626235
65316232636236303965313965366536333238353638633637663365626664333763633639663431
66303861336261303932356663363831656634363936646432316432373533336335383032323131
31393739303738386539623730303539663735323138306430383636383939646236323230353533
31313964356636373230373336376533336536666639356135613834613034326164623130393165
64343932663735353139636632646233346238636132373536663230343634336335366465353334
35333963333064363334313961636433363837326561323539623966663739653264613063643136
65653065363035656539306664313466623536343765636230336265316663303562323537623638
65383931323535396433323339303666653232323762303832623031616235333733333064363733
39363437643432353730313936626165616166656536653137386233353963356630343932333030
30366331623962346433356133316363613261366439643937333739366539633161633433366434
38643539623939346535633133626135313064336266313631306233623533396132656261633366
39393934623334643833623262623638336338663361343765326664366330663135666437356330
31346435356564386565316263663235343436666531366664323137363661626638303765633935
30353162373731386132653961383837373962306339633732306539343162643961373263306463
30616130636536396338626632313832636337613430376235643637333966366135366437613836
38373864636530376163396661613764643931653437353064363537303236366539383661373339
63366161323562666332656261346362393130653764393536323764383036626238356435376263
61313362333066346537303437316236393837373563393766646431626335373336343036616631
34656638313161393432363131373638626165646262616236323165366666353435393833653064
64613365663336643563623635363132383137323366363862343861366464383939323836626436
61666634646666306361666366636636363932303938623138623134393231323337356133326166
61653838636333376565663533323237396537356131303466393862613461653662363736633330
39396462313264323239383535646639643338646162353966613836353561336462663639306238
31346332636166326263643130373538353062333134316233343466356266363637643564306563
62613534356164313531633336663539653333643134393938386637356639353961303835363066
63353434323664333939613837343932326364393664633136303662323064306636636535303234
35616462643538363836653837633761363564333366316434366132313137303139346639613335
32646234373635383062393130636237383564343230616630333232613839306361383262656534
61623437383632333733313332373630343233613837343866623530396635356365363132613339
33313761663933383936356535643062396266386630356332353837653033393065333235353162
31346236383631346364333230386133393933366632316237363732653762343238323365366461
31303639303362313861313739306462343761643236653432613836373162333035653036333831
65613434656566303632313031383661326531323564316539646137366632636466393834373230
33376435333266396163326139333636623337333464643930396561666333633035616161396461
38386363346364633161633365303865323935363064623431643036666631646562653736663331
61353539383735333133646535303335386437353435313637616266396365386261646264366436
66313933353130316231373664353163376263343934653464366538383238386532626564636362
35636466393139353232346631643531613438383266633735323436633034343966633764306231
33316639353932346236343066393130373836643336623033666535666137666463303465333562
62643831313933316562363464356465616138376563386266343062633337643831613134306533
33343361333632633333306532653533636538623866393961633961333539313331343761366233
30666164653730383665616661646536366235333365373638663336343335663736313737336235
30613462323765346263613536393036626663383230373435646365623965343265643638363062
32333265363561303765366466383031383039313931373666346430626364383333663065393832
64323732663362306338623361366237383663353765626531643163303861333464376363346362
37313937653136646130366461333262373066656335333337643363303561396235356235643939
30353061663264303533393736393030346662306639393662663861366636323031656633346232
36386561646539626231623837656662663935353139366438363861383036316430376135643638
62316363666363393434336632373832613264646361663533666564393766353033386136306133
34313034373930363932653739303764363434653237303032383532646261386537626638343662
36323839303063353332363139333234356431333133313130366335353234643737613834383161
64663133653339613862343133313638366466616134346163363765346431356265643637313563
66326132313038616234316233303864323661623739383062323962366137313038303733613836
61353232613430353439653763646235663062663939633563303339383337616466613733613933
64666464613333643661306664633461643162663335643334356133323534656263343238383762
62373835343765643264623862373732633764396331316362396566353839616430613938323437
39663265383562663538313636643739613166633631383033313563393337366365393639353839
38306533376430316636616536623032343832613264303535633238326338636261666636306536
62383639313031396534623537326134323034396166653965343162653164616466343430373036
36343365376662616564636434353931306330366362373739633730356434356136343665616136
64383337323366323165376461353365386131616430316530386438616338376362623734326336
35663338623931653065393430353064396563336233633064373336363832346261386437616162
34356466663532363435353162633164386266333632373862303736643136363538633164666564
31633638343434393764656461633639316634653862363430353638656461363164656134363836
61616464613039306638353963393938643133636436386335643063363966393033366566316238
37663865346133363432643064326130656262306161303333376531316339336339633139316435
62346564663866616665393264623330313561633633663231386166313864636239316436386635
32303234353930636230343566326632366534636533326666666437383131386633643534616465
31633132336533393761393737346436643762366666666362373034656632333365653433313463
30346565366332663039373361393936356664313236613436626234363161353535613434643936
64373037623331333439336462633635396165666335363435646562323864383965393136646666
63343665386631363237626664326461393564316666323031646535306431646631346430383466
62663734656338373637626538326166366162346134623138363731313435303762353331396231
39356535396161613965663034646266613135636431303439303037303132383230613339323366
38303132376330323166316633626465303130323066316363343438373833363733396239333233
38613266333931313433396439353131636433326132363331303738343166343163363366393834
38613765623463303364333462653239643632313264323237383363353937613635303633366364
62393961636233643436353661316534383264393235373765373237343561623332396637633935
32336638653933333737306436616131333862356438323434666564303231613262326266373936
62653663633238313433343562626666623737383632306432633132616231313232396538336137
36316535656633323737623830343135643936366331333130363162356562333734666334313264
31653236316639653362383638633934633334663131363135623432383166636439666463343431
64633738656362613733633930626562646531656265323262383466396437633561383032386635
31663537613565396432393161663663373534656436343333386132343336323334303061636535
30366238393439373864363764383036653765313730633764343762613461343762323061343132
65376637633731363532616265393935343238326666363331653863346237636537663731366562
62663333626361366338333763363561383263616539643566613266333536626666343133616432
64323332383233343938303231653039313565636135656639323964366164356434386532643835
65316237366265313830636166373938323937313836336365386235356163656431633032383333
32333334326465343632363739613335323635343463626634653537623664323431613364386231
37323739646465636462323163643365383734373937376138666234393261663230326439666435
66323836326661336664653235336436623539616236646633336663383437323132313863356238
61313931636438306430303832333136623137633335323238323837306665366230323932333463
63363837613163663035656638303631643461346366373131303039306538656266303339366561
32646332386135646163383263306466656665653133343063653561343863623965623039656535
33363435653334343763356532393432643838616265356133623439623563356465353964373438
61363537303034663866626539363961393537633262663262663765643937313863623130653563
39613433376539656462656562646263356132353964336264653936633730396563386534343961
37633762666135353863616237643837343230633438353461323231303433353432383537303531
39303363326337336266306665363231356231663565386637303963393761356630616666303934
39653138303964666638356232363732663234313836663639326235376561363263356531386235
31303530313065623466336164316361393533613764343463663666326535366535383933666466
35316434373938383064303838643861363930366535613031396235376433613935613234316335
34373737646234356466626464373931333636353339636535626532613032363962323363646561
34383633653832306331626132666562666330366261666462343364366238663639393064303331
33633637613063363762653861323637363334333366343836383635333032636462613864346461
34636135663133616362663038666663363861303338643739623438373033306630303762306164
34636234353062393336616561366261343766373635613431353261313962633837393336363737
61366163643363326633333435326563653635393566303235323437663936373066653361653930
66666166636536626666343735613837643364616339626365356231633739346436636562393133
34653932336262623262383337663232326365616266613130616661653666643136653238396330
66383930343630313332313537306632623363326337613336386365383930353136386139666231
31636333656162303164306538396136653639313165353438623861306366386531653561316635
35643739333065653639383431636166626564326662333538316535303733366636383135666632
64333466623537636134313965353937623162366430383431366332373766356637333566373937
37643038323461633135656365336365363261383331396437663332633530383337366337393266
30363963366661386630343062353337623934656164333439356139343134633064303162633039
38343538353539303361376262336136616632643736616432326335356330383537623161353737
61666434613063326264313531623639326535666239366361353230666636313734396438626438
66326132386561613331343733353462653865343833356431306135383636323439396462623762
63383433343432333239313061386165643234343034663939616430663135646432383561303463
37656231663239336138626264373136326261666364373535663762623435613939393533326236
32653663633336393762323664613034333330323932383530346462373963666261343237326633
33623030376536656666616566306465663635373037363739306531656162346262643963333137
30623832353439313065383632376432396236323764336666323463623532313535643730626335
32366335393563356336653939373531326632666563373033356637386638373066343730373061
34656333643462346337633761303465343264386330663636393862323161366631653937363361
37653965373261336134373438353536323737643331626135373231633436316135316238393632
62316565356561353934333265363336353762623131313537373235613434386362613337363832
31363534313766393761616431353162356431323433613936386662653631333433396137613762
62383866633765373133646463373761393065333435633938333361333235393865663339383237
30333234336634383538656331626232626563396234643535666139313964616536653464313737
64383336633465303232396130303632373730613966636565383035333439333736366365303466
34633133633061616437326339356465656161323661373061666366353936303636373333303064
66316439626232663931306463346236646330346162393439336332356239336364383165396439
61633736346266316134386434363239333832376337303031306131643533303164343034643431
65303465613538313033663862663266666438393237616239353663303932666535383266343735
32396134626630613733326230666165336664393362653539393136626566613764383466303632
39316538303562336365633336343637376635353439646661396365373237366465303439373935
64623562303061623939396538366439383036336131356135316565376635346534333734313939
64616463316134653530323361626161383262663561636330643038616465386535373936333265
61373331633033396164363334316531343433303265336331643461353361616338656630323361
66313931393237626433343564313861333466393661316335636365653661303635353731356163
63396635313338616531366464333561306561353930373233656538393166643361646136356633
35353163613563393064336537643766356661613936353437306131653433393332386430313162
66383330383337643731613931643133653332643032356264613531633362626666613938643331
63333463383361303037626337666139326632323131383430313962306336643663396230353137
38643562396661303534633532323337376438373931326664623739323064393433636238366235
36313362353030323436626538616134646332383234313961623462613735356334323231373431
36326134316665616239393138303632383662626661303535343038383965396663646163663835
37666638303966373739343338363734393134313662383161663336316332333739373862656261
34383235653639616334623730663533653637666262373561386437313337383238663466343232
36666161316531373230363538303661343736376163346138643663623636383537343735346134
39323566383632353634313735643033363837343766623562666364363836376636643636663630
65666335636539306632396662643736613166353931373439326438383431303033613066316132
35333136373234313130646138303262323561643832343964363636633333353164353766613330
65313861633266666637613036343166646163613662623935623030303432313036363434383731
31663638323939323335346262633531393438373863663533613966656437626137643166343865
37393664343038323835396137376232396333306564336536646538373331643738656139373031
38623563336134643135666537326635653937383234633831346331383637323938396137633237
37643532663134343764323038653135323966396333643162666463353661333837383236626134
33373936363639356461306435613736653531333064303763333233346436656637393736326635
32343130623861313035643763643861643138633265386563333835363935373931326131363162
65386566396632663265633436343766313364353936623734646262326365353863393861333563
65633965363566316364366166393064653934626563373165636661646661343161636566316563
38323935373638343139393564626365383064633561636433366662616464623637316466303566
34393262356231353032356166623861643865663839303264626631323461336233663835313432
37393939383564373130643332353465646330346663663365356136643662303466623833343565
35356432336235646564353065613438376663356663363733396465383134626534373236646363
63363535656262633737333138656235643963343035306263653339643836373639306464366462
30343563616266623063646237326435323763383431313633613232633939353735323237396239
65323533623334366431633231356231336535626166326433643638356332343164383034656538
39623038623639346562623939633435663061353036303831656666626664353433343532376333
62656232633464373366316534363661656337323466626436366235313133343435373538346564
33316266626565303933633962346637383161623463653431363931356635636166626531396232
64383964373638633961383532646431663938653864353161666436313061633462326131313232
38303436373564393230323264376235366431323736326131376231626161356561613031653463
3032333435383263373834646363626164306533346635346234
